ID time Y Z
1 705810 1 380 120
2 705810 2 377 120
3 705810 3 460 120
4 705810 4 472 120
5 705810 5 495 120
6 705810 6 566 120
7 705810 7 637 120
8 705810 8 628 120
9 706310 1 362 95
10 706310 2 382 95
11 706310 3 392 95
12 706310 4 475 95
13 706310 5 475 95
14 706310 6 543 95
15 706310 7 601 95
16 706310 8 576 95
17 706810 1 387 99
18 706810 2 405 99
19 706810 3 438 99
20 706810 4 418 99
21 706810 5 484 99
22 706810 6 533 99
23 706810 7 570 99
24 706810 8 589 99
25 708310 1 342 101
26 708310 2 368 101
27 708310 3 408 101
28 708310 4 422 101
29 708310 5 470 101
30 708310 6 543 101
31 708310 7 493 101
32 708310 8 589 101
33 711310 1 335 109
34 711310 2 372 109
35 711310 3 450 109
36 711310 4 424 109
37 711310 5 500 109
38 711310 6 510 109
39 711310 7 540 109
40 711310 8 583 109
41 712810 1 362 115
42 712810 2 444 115
43 712810 3 473 115
44 712810 4 482 115
45 712810 5 567 115
46 712810 6 597 115
47 712810 7 651 115
48 712810 8 655 115
49 714810 1 354 115
50 714810 2 409 115
51 714810 3 410 115
52 714810 4 445 115
53 714810 5 460 115
54 714810 6 540 115
55 714810 7 567 115
56 714810 8 620 115
57 716310 1 365 109
58 716310 2 381 109
59 716310 3 455 109
60 716310 4 482 109
61 716310 5 533 109
62 716310 6 554 109
63 716310 7 591 109
64 716310 8 602 109
65 716810 1 359 107
66 716810 2 371 107
67 716810 3 438 107
68 716810 4 452 107
69 716810 5 497 107
70 716810 6 591 107
71 716810 7 573 107
72 716810 8 593 107
73 719310 1 312 84
74 719310 2 366 84
75 719310 3 387 84
76 719310 4 383 84
77 719310 5 422 84
78 719310 6 463 84
79 719310 7 506 84
80 719310 8 478 84
81 720310 1 322 113
82 720310 2 377 113
83 720310 3 420 113
84 720310 4 438 113
85 720310 5 500 113
86 720310 6 506 113
87 720310 7 506 113
88 720310 8 544 113
89 721810 1 342 119
90 721810 2 409 119
91 721810 3 438 119
92 721810 4 460 119
93 721810 5 506 119
94 721810 6 519 119
95 721810 7 540 119
96 721810 8 602 119
97 725310 1 359 101
98 725310 2 424 101
99 725310 3 438 101
100 725310 4 414 101
101 725310 5 475 101
102 725310 6 476 101
103 725310 7 514 101
104 725310 8 510 101
105 725810 1 292 73
106 725810 2 333 73
107 725810 3 356 73
108 725810 4 375 73
109 725810 5 348 73
110 725810 6 414 73
111 725810 7 446 73
112 725810 8 419 73
113 728810 1 326 113
114 728810 2 370 113
115 728810 3 402 113
116 728810 4 455 113
117 728810 5 497 113
118 728810 6 533 113
119 728810 7 549 113
120 728810 8 593 113
121 731810 1 312 116
122 731810 2 416 116
123 731810 3 411 116
124 731810 4 438 116
125 731810 5 492 116
126 731810 6 519 116
127 731810 7 561 116
128 731810 8 586 116
129 732810 1 331 119
130 732810 2 403 119
131 732810 3 432 119
132 732810 4 466 119
133 732810 5 500 119
134 732810 6 536 119
135 732810 7 579 119
136 732810 8 637 119
137 734310 1 340 113
138 734310 2 395 113
139 734310 3 422 113
140 734310 4 416 113
141 734310 5 453 113
142 734310 6 530 113
143 734310 7 529 113
144 734310 8 548 113
145 735310 1 324 104
146 735310 2 389 104
147 735310 3 422 104
148 735310 4 431 104
149 735310 5 506 104
150 735310 6 547 104
151 735310 7 537 104
152 735310 8 576 104
153 742310 1 298 97
154 742310 2 375 97
155 742310 3 392 97
156 742310 4 440 97
157 742310 5 480 97
158 742310 6 457 97
159 742310 7 503 97
160 742310 8 576 97
161 743810 1 327 110
162 743810 2 381 110
163 743810 3 429 110
164 743810 4 455 110
165 743810 5 523 110
166 743810 6 543 110
167 743810 7 570 110
168 743810 8 602 110
169 744810 1 331 104
170 744810 2 390 104
171 744810 3 400 104
172 744810 4 431 104
173 744810 5 477 104
174 744810 6 491 104
175 744810 7 549 104
176 744810 8 628 104
177 746310 1 368 110
178 746310 2 399 110
179 746310 3 467 110
180 746310 4 490 110
181 746310 5 503 110
182 746310 6 558 110
183 746310 7 594 110
184 746310 8 628 110
185 746810 1 327 109
186 746810 2 414 109
187 746810 3 438 109
188 746810 4 482 109
189 746810 5 512 109
190 746810 6 543 109
191 746810 7 598 109
192 746810 8 616 109
193 747810 1 303 115
194 747810 2 347 115
195 747810 3 408 115
196 747810 4 450 115
197 747810 5 506 115
198 747810 6 516 115
199 747810 7 558 115
200 747810 8 596 115
201 748810 1 326 97
202 748810 2 357 97
203 748810 3 411 97
204 748810 4 420 97
205 748810 5 472 97
206 748810 6 530 97
207 748810 7 523 97
208 748810 8 586 97
209 751310 1 298 88
210 751310 2 316 88
211 751310 3 350 88
212 751310 4 385 88
213 751310 5 394 88
214 751310 6 451 88
215 751310 7 433 88
216 751310 8 382 88
217 751810 1 292 89
218 751810 2 334 89
219 751810 3 356 89
220 751810 4 412 89
221 751810 5 432 89
222 751810 6 446 89
223 751810 7 446 89
224 751810 8 537 89
225 752310 1 329 109
226 752310 2 444 109
227 752310 3 467 109
228 752310 4 558 109
229 752310 5 577 109
230 752310 6 662 109
231 752310 7 708 109
232 752310 8 728 109
233 756811 1 340 105
234 756811 2 421 105
235 756811 3 426 105
236 756811 4 466 105
237 756811 5 503 105
238 756811 6 510 105
239 756811 7 543 105
240 756811 8 566 105
241 758311 1 290 88
242 758311 2 339 88
243 758311 3 387 88
244 758311 4 440 88
245 758311 5 430 88
246 758311 6 491 88
247 758311 7 509 88
248 758311 8 518 88
249 759311 1 368 114
250 759311 2 398 114
251 759311 3 460 114
252 759311 4 538 114
253 759311 5 519 114
254 759311 6 523 114
255 759311 7 608 114
256 759311 8 624 114
257 760311 1 342 110
258 760311 2 437 110
259 760311 3 455 110
260 760311 4 490 110
261 760311 5 523 110
262 760311 6 540 110
263 760311 7 631 110
264 760311 8 648 110
265 765811 1 342 104
266 765811 2 389 104
267 765811 3 435 104
268 765811 4 452 104
269 765811 5 503 104
270 765811 6 533 104
271 765811 7 585 104
272 765811 8 596 104
273 768811 1 336 121
274 768811 2 393 121
275 768811 3 432 121
276 768811 4 442 121
277 768811 5 503 121
278 768811 6 554 121
279 768811 7 608 121
280 768811 8 596 121
281 770311 1 347 116
282 770311 2 381 116
283 770311 3 422 116
284 770311 4 458 116
285 770311 5 519 116
286 770311 6 550 116
287 770311 7 582 116
288 770311 8 624 116
289 770811 1 320 81
290 770811 2 332 81
291 770811 3 359 81
292 770811 4 378 81
293 770811 5 436 81
294 770811 6 418 81
295 770811 7 493 81
296 770811 8 525 81
297 773311 1 319 116
298 773311 2 382 116
299 773311 3 435 116
300 773311 4 431 116
301 773311 5 509 116
302 773311 6 533 116
303 773311 7 549 116
304 773311 8 583 116
305 775311 1 365 107
306 775311 2 456 107
307 775311 3 473 107
308 775311 4 548 107
309 775311 5 538 107
310 775311 6 558 107
311 775311 7 651 107
312 775311 8 701 107
313 776311 1 349 122
314 776311 2 376 122
315 776311 3 432 122
316 776311 4 452 122
317 776311 5 490 122
318 776311 6 513 122
319 776311 7 534 122
320 776311 8 593 122
321 777311 1 330 93
322 777311 2 349 93
323 777311 3 400 93
324 777311 4 431 93
325 777311 5 482 93
326 777311 6 476 93
327 777311 7 509 93
328 777311 8 566 93
329 777811 1 380 126
330 777811 2 414 126
331 777811 3 442 126
332 777811 4 478 126
333 777811 5 506 126
334 777811 6 523 126
335 777811 7 601 126
336 777811 8 637 126
337 778811 1 362 123
338 778811 2 421 123
339 778811 3 467 123
340 778811 4 494 123
341 778811 5 538 123
342 778811 6 585 123
343 778811 7 660 123
344 778811 8 620 123
345 779811 1 376 113
346 779811 2 444 113
347 779811 3 460 113
348 779811 4 490 113
349 779811 5 577 113
350 779811 6 558 113
351 779811 7 588 113
352 779811 8 643 113
353 780311 1 314 97
354 780311 2 359 97
355 780311 3 389 97
356 780311 4 406 97
357 780311 5 458 97
358 780311 6 468 97
359 780311 7 468 97
360 780311 8 514 97
361 781311 1 376 83
362 781311 2 352 83
363 781311 3 385 83
364 781311 4 447 83
365 781311 5 465 83
366 781311 6 506 83
367 781311 7 517 83
368 781311 8 525 83
369 782311 1 354 125
370 782311 2 366 125
371 782311 3 422 125
372 782311 4 422 125
373 782311 5 472 125
374 782311 6 497 125
375 782311 7 529 125
376 782311 8 551 125
377 784311 1 376 98
378 784311 2 430 98
379 784311 3 455 98
380 784311 4 472 98
381 784311 5 503 98
382 784311 6 554 98
383 784311 7 601 98
384 784311 8 655 98
385 786311 1 356 127
386 786311 2 379 127
387 786311 3 432 127
388 786311 4 438 127
389 786311 5 472 127
390 786311 6 503 127
391 786311 7 549 127
392 786311 8 555 127
393 787811 1 387 119
394 787811 2 364 119
395 787811 3 473 119
396 787811 4 494 119
397 787811 5 516 119
398 787811 6 540 119
399 787811 7 616 119
400 787811 8 602 119
401 788312 1 305 97
402 788312 2 321 97
403 788312 3 372 97
404 788312 4 394 97
405 788312 5 434 97
406 788312 6 494 97
407 788312 7 482 97
408 788312 8 506 97
409 789812 1 336 91
410 789812 2 377 91
411 789812 3 435 91
412 789812 4 463 91
413 789812 5 503 91
414 789812 6 530 91
415 789812 7 531 91
416 789812 8 488 91
417 791312 1 295 93
418 791312 2 343 93
419 791312 3 400 93
420 791312 4 433 93
421 791312 5 470 93
422 791312 6 500 93
423 791312 7 531 93
424 791312 8 573 93
425 792812 1 331 105
426 792812 2 409 105
427 792812 3 390 105
428 792812 4 463 105
429 792812 5 463 105
430 792812 6 526 105
431 792812 7 591 105
432 792812 8 579 105
433 793312 1 344 107
434 793312 2 416 107
435 793312 3 446 107
436 793312 4 472 107
437 793312 5 528 107
438 793312 6 570 107
439 793312 7 594 107
440 793312 8 648 107
441 794312 1 342 109
442 794312 2 375 109
443 794312 3 415 109
444 794312 4 460 109
445 794312 5 509 109
446 794312 6 570 109
447 794312 7 612 109
448 794312 8 670 109
449 794812 1 322 93
450 794812 2 337 93
451 794812 3 352 93
452 794812 4 372 93
453 794812 5 438 93
454 794812 6 426 93
455 794812 7 463 93
456 794812 8 497 93
457 799312 1 362 128
458 799312 2 398 128
459 799312 3 442 128
460 799312 4 469 128
461 799312 5 567 128
462 799312 6 638 128
463 799312 7 708 128
464 799312 8 648 128
465 802312 1 333 119
466 802312 2 393 119
467 802312 3 446 119
468 802312 4 463 119
469 802312 5 544 119
470 802312 6 611 119
471 802312 7 594 119
472 802312 8 593 119
473 806312 1 347 113
474 806312 2 421 113
475 806312 3 432 113
476 806312 4 478 113
477 806312 5 523 113
478 806312 6 580 113
479 806312 7 598 113
480 806312 8 662 113
481 806812 1 293 88
482 806812 2 305 88
483 806812 3 402 88
484 806812 4 390 88
485 806812 5 432 88
486 806812 6 440 88
487 806812 7 446 88
488 806812 8 488 88
489 807312 1 307 97
490 807312 2 323 97
491 807312 3 357 97
492 807312 4 388 97
493 807312 5 422 97
494 807312 6 425 97
495 807312 7 452 97
496 807312 8 500 97
497 810312 1 299 103
498 810312 2 328 103
499 810312 3 385 103
500 810312 4 412 103
501 810312 5 449 103
502 810312 6 476 103
503 810312 7 514 103
504 810312 8 525 103
505 812812 1 347 117
506 812812 2 371 117
507 812812 3 413 117
508 812812 4 422 117
509 812812 5 506 117
510 812812 6 530 117
511 812812 7 540 117
512 812812 8 576 117
513 816812 1 333 110
514 816812 2 382 110
515 816812 3 442 110
516 816812 4 455 110
517 816812 5 519 110
518 816812 6 533 110
519 816812 7 555 110
520 816812 8 596 110
521 838313 1 313 139
522 838313 2 382 139
523 838313 3 432 139
524 838313 4 504 139
525 838313 5 567 139
526 838313 6 619 139
527 838313 7 612 139
528 838313 8 643 139
529 844313 1 319 85
530 844313 2 411 85
531 844313 3 410 85
532 844313 4 414 85
533 844313 5 458 85
534 844313 6 488 85
535 844313 7 517 85
536 844313 8 555 85
537 846313 1 336 114
538 846313 2 386 114
539 846313 3 438 114
540 846313 4 466 114
541 846313 5 506 114
542 846313 6 543 114
543 846313 7 567 114
544 846313 8 599 114
545 847313 1 316 108
546 847313 2 416 108
547 847313 3 422 108
548 847313 4 522 108
549 847313 5 497 108
550 847313 6 558 108
551 847313 7 612 108
552 847313 8 624 108
553 847813 1 336 111
554 847813 2 430 111
555 847813 3 460 111
556 847813 4 509 111
557 847813 5 559 111
558 847813 6 585 111
559 847813 7 621 111
560 847813 8 620 111
561 848813 1 302 99
562 848813 2 355 99
563 848813 3 398 99
564 848813 4 450 99
565 848813 5 484 99
566 848813 6 550 99
567 848813 7 582 99
568 848813 8 602 99
569 849313 1 315 116
570 849313 2 409 116
571 849313 3 429 116
572 849313 4 490 116
573 849313 5 523 116
574 849313 6 558 116
575 849313 7 601 116
576 849313 8 616 116
577 858313 1 298 135
578 858313 2 381 135
579 858313 3 438 135
580 858313 4 490 135
581 858313 5 588 135
582 858313 6 597 135
583 858313 7 626 135
584 858313 8 679 135
585 860813 1 285 100
586 860813 2 414 100
587 860813 3 417 100
588 860813 4 494 100
589 860813 5 503 100
590 860813 6 570 100
591 860813 7 608 100
592 860813 8 586 100
593 868313 1 330 133
594 868313 2 406 133
595 868313 3 450 133
596 868313 4 463 133
597 868313 5 533 133
598 868313 6 558 133
599 868313 7 612 133
600 868313 8 637 133
601 872813 1 308 126
602 872813 2 391 126
603 872813 3 432 126
604 872813 4 475 126
605 872813 5 512 126
606 872813 6 562 126
607 872813 7 621 126
608 872813 8 655 126
609 873813 1 326 117
610 873813 2 430 117
611 873813 3 417 117
612 873813 4 516 117
613 873813 5 533 117
614 873813 6 575 117
615 873813 7 651 117
616 873813 8 624 117
617 877813 1 298 101
618 877813 2 409 101
619 877813 3 422 101
620 877813 4 466 101
621 877813 5 497 101
622 877813 6 491 101
623 877813 7 514 101
624 877813 8 586 101
625 878313 1 342 92
626 878313 2 393 92
627 878313 3 442 92
628 878313 4 486 92
629 878313 5 516 92
630 878313 6 550 92
631 878313 7 555 92
632 878313 8 624 92
633 879813 1 298 90
634 879813 2 430 90
635 879813 3 432 90
636 879813 4 490 90
637 879813 5 506 90
638 879813 6 543 90
639 879813 7 564 90
640 879813 8 602 90
641 885813 1 340 102
642 885813 2 381 102
643 885813 3 408 102
644 885813 4 438 102
645 885813 5 490 102
646 885813 6 473 102
647 885813 7 549 102
648 885813 8 602 102
649 887813 1 356 112
650 887813 2 444 112
651 887813 3 426 112
652 887813 4 504 112
653 887813 5 523 112
654 887813 6 585 112
655 887813 7 616 112
656 887813 8 606 112
657 891813 1 351 117
658 891813 2 421 117
659 891813 3 481 117
660 891813 4 569 117
661 891813 5 588 117
662 891813 6 638 117
663 891813 7 693 117
664 891813 8 762 117
665 892313 1 302 91
666 892313 2 387 91
667 892313 3 404 91
668 892313 4 406 91
669 892313 5 449 91
670 892313 6 485 91
671 892313 7 503 91
672 892313 8 531 91
673 896814 1 315 126
674 896814 2 390 126
675 896814 3 432 126
676 896814 4 469 126
677 896814 5 523 126
678 896814 6 533 126
679 896814 7 588 126
680 896814 8 616 126
681 901814 1 317 81
682 901814 2 368 81
683 901814 3 371 81
684 901814 4 418 81
685 901814 5 465 81
686 901814 6 473 81
687 901814 7 523 81
688 901814 8 566 81
689 903314 1 320 113
690 903314 2 352 113
691 903314 3 406 113
692 903314 4 422 113
693 903314 5 467 113
694 903314 6 476 113
695 903314 7 509 113
696 903314 8 548 113
697 905314 1 329 114
698 905314 2 427 114
699 905314 3 467 114
700 905314 4 522 114
701 905314 5 538 114
702 905314 6 597 114
703 905314 7 651 114
704 905314 8 648 114
705 906814 1 321 91
706 906814 2 346 91
707 906814 3 350 91
708 906814 4 402 91
709 906814 5 432 91
710 906814 6 460 91
711 906814 7 463 91
712 906814 8 510 91
713 907814 1 331 104
714 907814 2 390 104
715 907814 3 402 104
716 907814 4 445 104
717 907814 5 490 104
718 907814 6 503 104
719 907814 7 540 104
720 907814 8 544 104
721 912314 1 349 127
722 912314 2 444 127
723 912314 3 446 127
724 912314 4 452 127
725 912314 5 470 127
726 912314 6 540 127
727 912314 7 594 127
728 912314 8 613 127
729 912814 1 326 108
730 912814 2 395 108
731 912814 3 438 108
732 912814 4 490 108
733 912814 5 523 108
734 912814 6 536 108
735 912814 7 564 108
736 912814 8 593 108
737 916814 1 327 112
738 916814 2 382 112
739 916814 3 438 112
740 916814 4 469 112
741 916814 5 533 112
742 916814 6 585 112
743 916814 7 637 112
744 916814 8 648 112
745 920314 1 327 126
746 920314 2 399 126
747 920314 3 424 126
748 920314 4 463 126
749 920314 5 516 126
750 920314 6 575 126
751 920314 7 670 126
752 920314 8 662 126
753 922314 1 365 103
754 922314 2 411 103
755 922314 3 426 103
756 922314 4 472 103
757 922314 5 516 103
758 922314 6 550 103
759 922314 7 594 103
760 922314 8 583 103
761 923314 1 387 105
762 923314 2 355 105
763 923314 3 420 105
764 923314 4 466 105
765 923314 5 503 105
766 923314 6 570 105
767 923314 7 604 105
768 923314 8 655 105
769 925314 1 331 113
770 925314 2 346 113
771 925314 3 387 113
772 925314 4 408 113
773 925314 5 445 113
774 925314 6 473 113
775 925314 7 540 113
776 925314 8 586 113
777 926314 1 301 103
778 926314 2 395 103
779 926314 3 402 103
780 926314 4 458 103
781 926314 5 475 103
782 926314 6 554 103
783 926314 7 561 103
784 926314 8 576 103
785 927814 1 383 118
786 927814 2 421 118
787 927814 3 467 118
788 927814 4 538 118
789 927814 5 588 118
790 927814 6 597 118
791 927814 7 637 118
792 927814 8 679 118
793 930314 1 331 83
794 930314 2 347 83
795 930314 3 398 83
796 930314 4 424 83
797 930314 5 484 83
798 930314 6 500 83
799 930314 7 540 83
800 930314 8 599 83
801 931314 1 322 100
802 931314 2 358 100
803 931314 3 417 100
804 931314 4 447 100
805 931314 5 512 100
806 931314 6 491 100
807 931314 7 506 100
808 931314 8 569 100
809 934814 1 342 93
810 934814 2 362 93
811 934814 3 392 93
812 934814 4 422 93
813 934814 5 490 93
814 934814 6 485 93
815 934814 7 517 93
816 934814 8 569 93
817 939814 1 336 119
818 939814 2 411 119
819 939814 3 446 119
820 939814 4 460 119
821 939814 5 523 119
822 939814 6 523 119
823 939814 7 570 119
824 939814 8 609 119
825 943314 1 372 133
826 943314 2 427 133
827 943314 3 450 133
828 943314 4 530 133
829 943314 5 516 133
830 943314 6 597 133
831 943314 7 660 133
832 943314 8 689 133
833 943814 1 311 73
834 943814 2 338 73
835 943814 3 364 73
836 943814 4 390 73
837 943814 5 399 73
838 943814 6 414 73
839 943814 7 352 73
840 943814 8 433 73
841 946314 1 336 89
842 946314 2 345 89
843 946314 3 426 89
844 946314 4 486 89
845 946314 5 503 89
846 946314 6 558 89
847 946314 7 549 89
848 946314 8 613 89
849 948814 1 362 119
850 948814 2 424 119
851 948814 3 442 119
852 948814 4 490 119
853 948814 5 559 119
854 948814 6 585 119
855 948814 7 651 119
856 948814 8 662 119
857 952814 1 313 117
858 952814 2 398 117
859 952814 3 429 117
860 952814 4 482 117
861 952814 5 533 117
862 952814 6 550 117
863 952814 7 608 117
864 952814 8 616 117
865 954814 1 311 101
866 954814 2 418 101
867 954814 3 408 101
868 954814 4 469 101
869 954814 5 497 101
870 954814 6 540 101
871 954814 7 573 101
872 954814 8 599 101
873 955814 1 331 98
874 955814 2 386 98
875 955814 3 446 98
876 955814 4 490 98
877 955814 5 484 98
878 955814 6 558 98
879 955814 7 601 98
880 955814 8 628 98
881 958814 1 342 102
882 958814 2 371 102
883 958814 3 422 102
884 958814 4 455 102
885 958814 5 509 102
886 958814 6 519 102
887 958814 7 540 102
888 958814 8 602 102
889 959814 1 319 95
890 959814 2 366 95
891 959814 3 378 95
892 959814 4 440 95
893 959814 5 480 95
894 959814 6 476 95
895 959814 7 555 95
896 959814 8 576 95
897 961314 1 333 103
898 961314 2 416 103
899 961314 3 420 103
900 961314 4 438 103
901 961314 5 499 103
902 961314 6 509 103
903 961314 7 543 103
904 961314 8 531 103
905 962814 1 327 90
906 962814 2 399 90
907 962814 3 422 90
908 962814 4 435 90
909 962814 5 495 90
910 962814 6 506 90
911 962814 7 512 90
912 962814 8 589 90
913 966814 1 392 122
914 966814 2 440 122
915 966814 3 481 122
916 966814 4 548 122
917 966814 5 551 122
918 966814 6 585 122
919 966814 7 621 122
920 966814 8 662 122
921 968814 1 313 83
922 968814 2 335 83
923 968814 3 357 83
924 968814 4 410 83
925 968814 5 406 83
926 968814 6 443 83
927 968814 7 433 83
928 968814 8 469 83
929 969314 1 308 106
930 969314 2 337 106
931 969314 3 381 106
932 969314 4 422 106
933 969314 5 443 106
934 969314 6 462 106
935 969314 7 493 106
936 969314 8 510 106
937 970314 1 333 111
938 970314 2 433 111
939 970314 3 432 111
940 970314 4 548 111
941 970314 5 577 111
942 970314 6 540 111
943 970314 7 637 111
944 970314 8 648 111
945 972814 1 301 91
946 972814 2 372 91
947 972814 3 394 91
948 972814 4 442 91
949 972814 5 480 91
950 972814 6 506 91
951 972814 7 552 91
952 972814 8 586 91
953 975814 1 331 106
954 975814 2 437 106
955 975814 3 473 106
956 975814 4 548 106
957 975814 5 512 106
958 975814 6 558 106
959 975814 7 594 106
960 975814 8 632 106
961 980814 1 302 91
962 980814 2 343 91
963 980814 3 371 91
964 980814 4 385 91
965 980814 5 412 91
966 980814 6 443 91
967 980814 7 531 91
968 980814 8 501 91
969 981815 1 372 134
970 981815 2 421 134
971 981815 3 446 134
972 981815 4 490 134
973 981815 5 544 134
974 981815 6 570 134
975 981815 7 616 134
976 981815 8 679 134
977 982815 1 335 126
978 982815 2 386 126
979 982815 3 442 126
980 982815 4 509 126
981 982815 5 544 126
982 982815 6 580 126
983 982815 7 601 126
984 982815 8 701 126
985 985815 1 335 104
986 985815 2 377 104
987 985815 3 396 104
988 985815 4 428 104
989 985815 5 487 104
990 985815 6 503 104
991 985815 7 549 104
992 985815 8 599 104
993 993815 1 330 100
994 993815 2 365 100
995 993815 3 406 100
996 993815 4 450 100
997 993815 5 480 100
998 993815 6 506 100
999 993815 7 506 100
1000 993815 8 569 100
1001 994815 1 326 117
1002 994815 2 398 117
1003 994815 3 446 117
1004 994815 4 494 117
1005 994815 5 516 117
1006 994815 6 570 117
1007 994815 7 616 117
1008 994815 8 628 117
1009 996815 1 380 114
1010 996815 2 456 114
1011 996815 3 446 114
1012 996815 4 463 114
1013 996815 5 544 114
1014 996815 6 554 114
1015 996815 7 626 114
1016 996815 8 643 114
1017 1000815 1 338 113
1018 1000815 2 367 113
1019 1000815 3 415 113
1020 1000815 4 466 113
1021 1000815 5 465 113
1022 1000815 6 506 113
1023 1000815 7 579 113
1024 1000815 8 689 113
1025 1002815 1 292 135
1026 1002815 2 403 135
1027 1002815 3 460 135
1028 1002815 4 516 135
1029 1002815 5 588 135
1030 1002815 6 603 135
1031 1002815 7 724 135
1032 1002815 8 762 135
1033 1013315 1 320 110
1034 1013315 2 377 110
1035 1013315 3 426 110
1036 1013315 4 447 110
1037 1013315 5 497 110
1038 1013315 6 540 110
1039 1013315 7 582 110
1040 1013315 8 609 110
1041 1023815 1 351 141
1042 1023815 2 444 141
1043 1023815 3 446 141
1044 1023815 4 522 141
1045 1023815 5 538 141
1046 1023815 6 570 141
1047 1023815 7 651 141
1048 1023815 8 643 141
1049 1024815 1 344 139
1050 1024815 2 430 139
1051 1024815 3 460 139
1052 1024815 4 538 139
1053 1024815 5 538 139
1054 1024815 6 566 139
1055 1024815 7 670 139
1056 1024815 8 679 139
1057 1028815 1 321 104
1058 1028815 2 386 104
1059 1028815 3 411 104
1060 1028815 4 458 104
1061 1028815 5 492 104
1062 1028815 6 516 104
1063 1028815 7 549 104
1064 1028815 8 589 104
1065 1030815 1 330 113
1066 1030815 2 437 113
1067 1030815 3 450 113
1068 1030815 4 516 113
1069 1030815 5 559 113
1070 1030815 6 603 113
1071 1030815 7 616 113
1072 1030815 8 713 113
1073 1031315 1 362 119
1074 1031315 2 391 119
1075 1031315 3 455 119
1076 1031315 4 516 119
1077 1031315 5 533 119
1078 1031315 6 575 119
1079 1031315 7 631 119
1080 1031315 8 637 119
1081 1031815 1 321 107
1082 1031815 2 387 107
1083 1031815 3 415 107
1084 1031815 4 482 107
1085 1031815 5 490 107
1086 1031815 6 558 107
1087 1031815 7 579 107
1088 1031815 8 589 107
1089 1039817 1 312 100
1090 1039817 2 348 100
1091 1039817 3 426 100
1092 1039817 4 442 100
1093 1039817 5 458 100
1094 1039817 6 513 100
1095 1039817 7 520 100
1096 1039817 8 529 100
1097 1046317 1 304 110
1098 1046317 2 370 110
1099 1046317 3 446 110
1100 1046317 4 438 110
1101 1046317 5 470 110
1102 1046317 6 516 110
1103 1046317 7 531 110
1104 1046317 8 616 110
1105 1046817 1 311 94
1106 1046817 2 357 94
1107 1046817 3 398 94
1108 1046817 4 442 94
1109 1046817 5 480 94
1110 1046817 6 494 94
1111 1046817 7 537 94
1112 1046817 8 559 94
1113 1047817 1 330 109
1114 1047817 2 389 109
1115 1047817 3 400 109
1116 1047817 4 438 109
1117 1047817 5 477 109
1118 1047817 6 488 109
1119 1047817 7 534 109
1120 1047817 8 555 109
1121 1054817 1 320 120
1122 1054817 2 374 120
1123 1054817 3 481 120
1124 1054817 4 460 120
1125 1054817 5 523 120
1126 1054817 6 566 120
1127 1054817 7 594 120
1128 1054817 8 632 120
1129 1055317 1 311 96
1130 1055317 2 389 96
1131 1055317 3 417 96
1132 1055317 4 440 96
1133 1055317 5 480 96
1134 1055317 6 503 96
1135 1055317 7 573 96
1136 1055317 8 579 96
1137 1161318 1 290 88
1138 1161318 2 342 88
1139 1161318 3 367 88
1140 1161318 4 408 88
1141 1161318 5 416 88
1142 1161318 6 436 88
1143 1161318 7 462 88
1144 1161318 8 489 88
1145 1162318 1 306 103
1146 1162318 2 364 103
1147 1162318 3 417 103
1148 1162318 4 435 103
1149 1162318 5 465 103
1150 1162318 6 494 103
1151 1162318 7 546 103
1152 1162318 8 606 103
1153 1166818 1 329 105
1154 1166818 2 375 105
1155 1166818 3 422 105
1156 1166818 4 445 105
1157 1166818 5 512 105
1158 1166818 6 513 105
1159 1166818 7 531 105
1160 1166818 8 596 105
1161 1167818 1 305 111
1162 1167818 2 374 111
1163 1167818 3 410 111
1164 1167818 4 490 111
1165 1167818 5 495 111
1166 1167818 6 580 111
1167 1167818 7 598 111
1168 1167818 8 599 111
1169 1168818 1 347 124
1170 1168818 2 416 124
1171 1168818 3 426 124
1172 1168818 4 469 124
1173 1168818 5 528 124
1174 1168818 6 554 124
1175 1168818 7 594 124
1176 1168818 8 628 124
1177 1169318 1 305 105
1178 1169318 2 330 105
1179 1169318 3 398 105
1180 1169318 4 442 105
1181 1169318 5 465 105
1182 1169318 6 468 105
1183 1169318 7 520 105
1184 1169318 8 559 105
1185 1174818 1 359 81
1186 1174818 2 380 81
1187 1174818 3 376 81
1188 1174818 4 400 81
1189 1174818 5 456 81
1190 1174818 6 491 81
1191 1174818 7 496 81
1192 1174818 8 548 81
1193 1178818 1 372 92
1194 1178818 2 393 92
1195 1178818 3 400 92
1196 1178818 4 424 92
1197 1178818 5 465 92
1198 1178818 6 503 92
1199 1178818 7 591 92
1200 1178818 8 624 92
1201 1180318 1 347 103
1202 1180318 2 424 103
1203 1180318 3 450 103
1204 1180318 4 490 103
1205 1180318 5 538 103
1206 1180318 6 591 103
1207 1180318 7 637 103
1208 1180318 8 648 103
1209 1181318 1 362 108
1210 1181318 2 384 108
1211 1181318 3 389 108
1212 1181318 4 435 108
1213 1181318 5 460 108
1214 1181318 6 506 108
1215 1181318 7 514 108
1216 1181318 8 583 108
1217 1187318 1 356 99
1218 1187318 2 382 99
1219 1187318 3 411 99
1220 1187318 4 420 99
1221 1187318 5 451 99
1222 1187318 6 449 99
1223 1187318 7 514 99
1224 1187318 8 573 99
1225 1188318 1 323 91
1226 1188318 2 375 91
1227 1188318 3 359 91
1228 1188318 4 431 91
1229 1188318 5 463 91
1230 1188318 6 485 91
1231 1188318 7 564 91
1232 1188318 8 589 91
1233 1189318 1 362 126
1234 1189318 2 384 126
1235 1189318 3 450 126
1236 1189318 4 472 126
1237 1189318 5 538 126
1238 1189318 6 575 126
1239 1189318 7 594 126
1240 1189318 8 609 126
1241 1190818 1 307 97
1242 1190818 2 304 97
1243 1190818 3 390 97
1244 1190818 4 396 97
1245 1190818 5 434 97
1246 1190818 6 468 97
1247 1190818 7 458 97
1248 1190818 8 501 97
1249 1192318 1 296 94
1250 1192318 2 350 94
1251 1192318 3 398 94
1252 1192318 4 426 94
1253 1192318 5 480 94
1254 1192318 6 519 94
1255 1192318 7 509 94
1256 1192318 8 551 94
1257 1193318 1 323 93
1258 1193318 2 347 93
1259 1193318 3 402 93
1260 1193318 4 392 93
1261 1193318 5 465 93
1262 1193318 6 482 93
1263 1193318 7 440 93
1264 1193318 8 534 93
1265 1194818 1 329 91
1266 1194818 2 387 91
1267 1194818 3 406 91
1268 1194818 4 452 91
1269 1194818 5 463 91
1270 1194818 6 491 91
1271 1194818 7 546 91
1272 1194818 8 555 91
1273 1195318 1 320 88
1274 1195318 2 332 88
1275 1195318 3 364 88
1276 1195318 4 411 88
1277 1195318 5 440 88
1278 1195318 6 447 88
1279 1195318 7 494 88
1280 1195318 8 496 88
1281 1198318 1 321 100
1282 1198318 2 380 100
1283 1198318 3 408 100
1284 1198318 4 460 100
1285 1198318 5 482 100
1286 1198318 6 523 100
1287 1198318 7 534 100
1288 1198318 8 596 100
1289 1199318 1 316 88
1290 1199318 2 340 88
1291 1199318 3 357 88
1292 1199318 4 422 88
1293 1199318 5 425 88
1294 1199318 6 473 88
1295 1199318 7 468 88
1296 1199318 8 479 88
1297 1200818 1 314 96
1298 1200818 2 380 96
1299 1200818 3 400 96
1300 1200818 4 414 96
1301 1200818 5 482 96
1302 1200818 6 543 96
1303 1200818 7 558 96
1304 1200818 8 566 96
1305 1202818 1 328 120
1306 1202818 2 391 120
1307 1202818 3 438 120
1308 1202818 4 455 120
1309 1202818 5 506 120
1310 1202818 6 516 120
1311 1202818 7 514 120
1312 1202818 8 576 120
1313 1203318 1 320 110
1314 1203318 2 384 110
1315 1203318 3 372 110
1316 1203318 4 452 110
1317 1203318 5 460 110
1318 1203318 6 506 110
1319 1203318 7 512 110
1320 1203318 8 569 110
1321 1207818 1 323 115
1322 1207818 2 403 115
1323 1207818 3 400 115
1324 1207818 4 469 115
1325 1207818 5 503 115
1326 1207818 6 550 115
1327 1207818 7 526 115
1328 1207818 8 624 115
1329 1208818 1 329 98
1330 1208818 2 375 98
1331 1208818 3 402 98
1332 1208818 4 445 98
1333 1208818 5 472 98
1334 1208818 6 500 98
1335 1208818 7 540 98
1336 1208818 8 570 98
1337 1209818 1 347 96
1338 1209818 2 444 96
1339 1209818 3 426 96
1340 1209818 4 472 96
1341 1209818 5 512 96
1342 1209818 6 597 96
1343 1209818 7 588 96
1344 1209818 8 670 96
1345 1211318 1 365 103
1346 1211318 2 433 103
1347 1211318 3 473 103
1348 1211318 4 530 103
1349 1211318 5 538 103
1350 1211318 6 580 103
1351 1211318 7 608 103
1352 1211318 8 689 103
1353 1212818 1 342 96
1354 1212818 2 359 96
1355 1212818 3 385 96
1356 1212818 4 422 96
1357 1212818 5 456 96
1358 1212818 6 516 96
1359 1212818 7 509 96
1360 1212818 8 569 96
1361 1215818 1 318 85
1362 1215818 2 380 85
1363 1215818 3 415 85
1364 1215818 4 435 85
1365 1215818 5 477 85
1366 1215818 6 479 85
1367 1215818 7 486 85
1368 1215818 8 544 85
1369 1216318 1 302 82
1370 1216318 2 387 82
1371 1216318 3 361 82
1372 1216318 4 390 82
1373 1216318 5 395 82
1374 1216318 6 449 82
1375 1216318 7 517 82
1376 1216318 8 525 82
1377 1219818 1 331 94
1378 1219818 2 390 94
1379 1219818 3 442 94
1380 1219818 4 447 94
1381 1219818 5 484 94
1382 1219818 6 506 94
1383 1219818 7 567 94
1384 1219818 8 599 94
1385 1220818 1 329 105
1386 1220818 2 384 105
1387 1220818 3 420 105
1388 1220818 4 447 105
1389 1220818 5 506 105
1390 1220818 6 570 105
1391 1220818 7 552 105
1392 1220818 8 576 105
1393 1224318 1 333 100
1394 1224318 2 393 100
1395 1224318 3 422 100
1396 1224318 4 455 100
1397 1224318 5 523 100
1398 1224318 6 558 100
1399 1224318 7 598 100
1400 1224318 8 713 100
1401 1225318 1 304 93
1402 1225318 2 352 93
1403 1225318 3 390 93
1404 1225318 4 392 93
1405 1225318 5 424 93
1406 1225318 6 445 93
1407 1225318 7 454 93
1408 1225318 8 473 93
1409 1227318 1 283 64
1410 1227318 2 332 64
1411 1227318 3 366 64
1412 1227318 4 365 64
1413 1227318 5 416 64
1414 1227318 6 438 64
1415 1227318 7 452 64
1416 1227318 8 486 64
1417 1227818 1 306 94
1418 1227818 2 352 94
1419 1227818 3 415 94
1420 1227818 4 438 94
1421 1227818 5 477 94
1422 1227818 6 513 94
1423 1227818 7 509 94
1424 1227818 8 562 94
1425 1230318 1 307 87
1426 1230318 2 333 87
1427 1230318 3 379 87
1428 1230318 4 416 87
1429 1230318 5 469 87
1430 1230318 6 512 87
1431 1230318 7 550 87
1432 1230318 8 555 87
1433 1233318 1 349 99
1434 1233318 2 416 99
1435 1233318 3 408 99
1436 1233318 4 486 99
1437 1233318 5 495 99
1438 1233318 6 530 99
1439 1233318 7 588 99
1440 1233318 8 624 99
1441 1234818 1 349 113
1442 1234818 2 356 113
1443 1234818 3 381 113
1444 1234818 4 406 113
1445 1234818 5 402 113
1446 1234818 6 399 113
1447 1234818 7 449 113
1448 1234818 8 392 113
1449 1235818 1 314 110
1450 1235818 2 339 110
1451 1235818 3 392 110
1452 1235818 4 420 110
1453 1235818 5 470 110
1454 1235818 6 491 110
1455 1235818 7 558 110
1456 1235818 8 586 110
1457 1236318 1 326 99
1458 1236318 2 411 99
1459 1236318 3 410 99
1460 1236318 4 458 99
1461 1236318 5 487 99
1462 1236318 6 513 99
1463 1236318 7 537 99
1464 1236318 8 609 99
1465 1238318 1 327 114
1466 1238318 2 375 114
1467 1238318 3 413 114
1468 1238318 4 438 114
1469 1238318 5 472 114
1470 1238318 6 530 114
1471 1238318 7 561 114
1472 1238318 8 583 114
1473 1240819 1 290 84
1474 1240819 2 313 84
1475 1240819 3 369 84
1476 1240819 4 378 84
1477 1240819 5 415 84
1478 1240819 6 465 84
1479 1240819 7 446 84
1480 1240819 8 484 84
1481 1245819 1 319 101
1482 1245819 2 325 101
1483 1245819 3 350 101
1484 1245819 4 394 101
1485 1245819 5 399 101
1486 1245819 6 452 101
1487 1245819 7 440 101
1488 1245819 8 479 101
1489 1248319 1 310 92
1490 1248319 2 316 92
1491 1248319 3 374 92
1492 1248319 4 392 92
1493 1248319 5 434 92
1494 1248319 6 440 92
1495 1248319 7 493 92
1496 1248319 8 506 92
1497 1254319 1 335 101
1498 1254319 2 380 101
1499 1254319 3 392 101
1500 1254319 4 463 101
1501 1254319 5 492 101
1502 1254319 6 506 101
1503 1254319 7 555 101
1504 1254319 8 596 101
1505 1255319 1 317 113
1506 1255319 2 389 113
1507 1255319 3 442 113
1508 1255319 4 475 113
1509 1255319 5 538 113
1510 1255319 6 547 113
1511 1255319 7 579 113
1512 1255319 8 637 113
1513 1263319 1 376 97
1514 1263319 2 386 97
1515 1263319 3 390 97
1516 1263319 4 447 97
1517 1263319 5 492 97
1518 1263319 6 510 97
1519 1263319 7 588 97
1520 1263319 8 579 97
1521 1266319 1 323 93
1522 1266319 2 348 93
1523 1266319 3 385 93
1524 1266319 4 424 93
1525 1266319 5 467 93
1526 1266319 6 485 93
1527 1266319 7 512 93
1528 1266319 8 555 93
1529 1267319 1 362 99
1530 1267319 2 398 99
1531 1267319 3 415 99
1532 1267319 4 460 99
1533 1267319 5 480 99
1534 1267319 6 497 99
1535 1267319 7 570 99
1536 1267319 8 655 99
1537 1267819 1 331 111
1538 1267819 2 396 111
1539 1267819 3 455 111
1540 1267819 4 516 111
1541 1267819 5 538 111
1542 1267819 6 591 111
1543 1267819 7 601 111
1544 1267819 8 628 111
1545 1269319 1 340 91
1546 1269319 2 348 91
1547 1269319 3 362 91
1548 1269319 4 408 91
1549 1269319 5 438 91
1550 1269319 6 457 91
1551 1269319 7 512 91
1552 1269319 8 544 91
1553 1271319 1 336 113
1554 1271319 2 395 113
1555 1271319 3 398 113
1556 1271319 4 478 113
1557 1271319 5 519 113
1558 1271319 6 585 113
1559 1271319 7 579 113
1560 1271319 8 602 113
1561 1274319 1 326 106
1562 1274319 2 362 106
1563 1274319 3 356 106
1564 1274319 4 433 106
1565 1274319 5 467 106
1566 1274319 6 468 106
1567 1274319 7 496 106
1568 1274319 8 521 106
1569 1274819 1 307 98
1570 1274819 2 360 98
1571 1274819 3 392 98
1572 1274819 4 394 98
1573 1274819 5 475 98
1574 1274819 6 485 98
1575 1274819 7 526 98
1576 1274819 8 586 98
1577 1276319 1 331 106
1578 1276319 2 379 106
1579 1276319 3 422 106
1580 1276319 4 426 106
1581 1276319 5 487 106
1582 1276319 6 479 106
1583 1276319 7 509 106
1584 1276319 8 548 106
1585 1282819 1 323 77
1586 1282819 2 360 77
1587 1282819 3 372 77
1588 1282819 4 438 77
1589 1282819 5 482 77
1590 1282819 6 473 77
1591 1282819 7 509 77
1592 1282819 8 510 77
1593 1283319 1 342 96
1594 1283319 2 387 96
1595 1283319 3 413 96
1596 1283319 4 463 96
1597 1283319 5 490 96
1598 1283319 6 503 96
1599 1283319 7 570 96
1600 1283319 8 579 96
1601 1283819 1 372 109
1602 1283819 2 398 109
1603 1283819 3 455 109
1604 1283819 4 499 109
1605 1283819 5 577 109
1606 1283819 6 585 109
1607 1283819 7 604 109
1608 1283819 8 643 109
1609 1284819 1 359 111
1610 1284819 2 414 111
1611 1284819 3 481 111
1612 1284819 4 478 111
1613 1284819 5 559 111
1614 1284819 6 597 111
1615 1284819 7 621 111
1616 1284819 8 624 111
1617 1285319 1 340 114
1618 1285319 2 377 114
1619 1285319 3 406 114
1620 1285319 4 452 114
1621 1285319 5 523 114
1622 1285319 6 554 114
1623 1285319 7 555 114
1624 1285319 8 599 114
1625 1285819 1 372 135
1626 1285819 2 401 135
1627 1285819 3 413 135
1628 1285819 4 463 135
1629 1285819 5 528 135
1630 1285819 6 550 135
1631 1285819 7 558 135
1632 1285819 8 602 135
1633 1286319 1 326 117
1634 1286319 2 381 117
1635 1286319 3 424 117
1636 1286319 4 486 117
1637 1286319 5 523 117
1638 1286319 6 580 117
1639 1286319 7 631 117
1640 1286319 8 728 117
1641 1286819 1 342 109
1642 1286819 2 369 109
1643 1286819 3 429 109
1644 1286819 4 463 109
1645 1286819 5 482 109
1646 1286819 6 540 109
1647 1286819 7 552 109
1648 1286819 8 620 109
1649 1289319 1 362 132
1650 1289319 2 456 132
1651 1289319 3 481 132
1652 1289319 4 522 132
1653 1289319 5 601 132
1654 1289319 6 662 132
1655 1289319 7 724 132
1656 1289319 8 713 132
1657 1290819 1 351 116
1658 1290819 2 395 116
1659 1290819 3 422 116
1660 1290819 4 509 116
1661 1290819 5 538 116
1662 1290819 6 562 116
1663 1290819 7 576 116
1664 1290819 8 593 116
1665 1291319 1 349 120
1666 1291319 2 411 120
1667 1291319 3 432 120
1668 1291319 4 440 120
1669 1291319 5 487 120
1670 1291319 6 585 120
1671 1291319 7 604 120
1672 1291319 8 628 120
1673 1291819 1 342 92
1674 1291819 2 371 92
1675 1291819 3 400 92
1676 1291819 4 435 92
1677 1291819 5 490 92
1678 1291819 6 468 92
1679 1291819 7 489 92
1680 1291819 8 555 92
1681 1292819 1 356 109
1682 1292819 2 399 109
1683 1292819 3 435 109
1684 1292819 4 509 109
1685 1292819 5 538 109
1686 1292819 6 580 109
1687 1292819 7 604 109
1688 1292819 8 662 109
1689 1293319 1 313 113
1690 1293319 2 374 113
1691 1293319 3 429 113
1692 1293319 4 460 113
1693 1293319 5 519 113
1694 1293319 6 543 113
1695 1293319 7 564 113
1696 1293319 8 624 113
1697 1293819 1 333 98
1698 1293819 2 360 98
1699 1293819 3 435 98
1700 1293819 4 469 98
1701 1293819 5 551 98
1702 1293819 6 554 98
1703 1293819 7 534 98
1704 1293819 8 576 98
1705 1294319 1 327 129
1706 1294319 2 421 129
1707 1294319 3 446 129
1708 1294319 4 490 129
1709 1294319 5 544 129
1710 1294319 6 585 129
1711 1294319 7 637 129
1712 1294319 8 662 129
1713 1295319 1 354 120
1714 1295319 2 398 120
1715 1295319 3 426 120
1716 1295319 4 472 120
1717 1295319 5 475 120
1718 1295319 6 562 120
1719 1295319 7 591 120
1720 1295319 8 602 120
1721 1297820 1 320 125
1722 1297820 2 389 125
1723 1297820 3 420 125
1724 1297820 4 455 125
1725 1297820 5 500 125
1726 1297820 6 513 125
1727 1297820 7 573 125
1728 1297820 8 632 125
1729 1300820 1 300 105
1730 1300820 2 369 105
1731 1300820 3 392 105
1732 1300820 4 433 105
1733 1300820 5 495 105
1734 1300820 6 523 105
1735 1300820 7 514 105
1736 1300820 8 593 105
1737 1301320 1 310 97
1738 1301320 2 334 97
1739 1301320 3 376 97
1740 1301320 4 414 97
1741 1301320 5 436 97
1742 1301320 6 497 97
1743 1301320 7 526 97
1744 1301320 8 479 97
1745 1305820 1 310 98
1746 1305820 2 349 98
1747 1305820 3 396 98
1748 1305820 4 426 98
1749 1305820 5 458 98
1750 1305820 6 510 98
1751 1305820 7 512 98
1752 1305820 8 484 98
1753 1306320 1 324 112
1754 1306320 2 456 112
1755 1306320 3 429 112
1756 1306320 4 482 112
1757 1306320 5 516 112
1758 1306320 6 562 112
1759 1306320 7 601 112
1760 1306320 8 616 112
1761 1309820 1 351 117
1762 1309820 2 427 117
1763 1309820 3 432 117
1764 1309820 4 530 117
1765 1309820 5 559 117
1766 1309820 6 619 117
1767 1309820 7 621 117
1768 1309820 8 662 117
1769 1313320 1 338 116
1770 1313320 2 395 116
1771 1313320 3 417 116
1772 1313320 4 463 116
1773 1313320 5 512 116
1774 1313320 6 543 116
1775 1313320 7 555 116
1776 1313320 8 602 116
1777 1314320 1 336 105
1778 1314320 2 440 105
1779 1314320 3 424 105
1780 1314320 4 516 105
1781 1314320 5 519 105
1782 1314320 6 526 105
1783 1314320 7 567 105
1784 1314320 8 548 105
1785 1316820 1 307 90
1786 1316820 2 341 90
1787 1316820 3 369 90
1788 1316820 4 420 90
1789 1316820 5 441 90
1790 1316820 6 462 90
1791 1316820 7 512 90
1792 1316820 8 514 90
1793 1318820 1 354 113
1794 1318820 2 389 113
1795 1318820 3 420 113
1796 1318820 4 455 113
1797 1318820 5 533 113
1798 1318820 6 580 113
1799 1318820 7 573 113
1800 1318820 8 602 113
1801 1322320 1 354 104
1802 1322320 2 375 104
1803 1322320 3 424 104
1804 1322320 4 438 104
1805 1322320 5 512 104
1806 1322320 6 530 104
1807 1322320 7 594 104
1808 1322320 8 593 104
1809 1323820 1 354 97
1810 1323820 2 379 97
1811 1323820 3 402 97
1812 1323820 4 426 97
1813 1323820 5 456 97
1814 1323820 6 519 97
1815 1323820 7 526 97
1816 1323820 8 579 97
1817 1326320 1 359 132
1818 1326320 2 367 132
1819 1326320 3 422 132
1820 1326320 4 458 132
1821 1326320 5 492 132
1822 1326320 6 611 132
1823 1326320 7 621 132
1824 1326320 8 655 132
1825 1330821 1 304 88
1826 1330821 2 363 88
1827 1330821 3 372 88
1828 1330821 4 424 88
1829 1330821 5 438 88
1830 1330821 6 488 88
1831 1330821 7 517 88
1832 1330821 8 562 88
1833 1335321 1 362 124
1834 1335321 2 387 124
1835 1335321 3 420 124
1836 1335321 4 440 124
1837 1335321 5 472 124
1838 1335321 6 526 124
1839 1335321 7 588 124
1840 1335321 8 599 124
1841 1337821 1 372 109
1842 1337821 2 405 109
1843 1337821 3 420 109
1844 1337821 4 458 109
1845 1337821 5 512 109
1846 1337821 6 533 109
1847 1337821 7 601 109
1848 1337821 8 613 109
1849 1339821 1 365 121
1850 1339821 2 409 121
1851 1339821 3 460 121
1852 1339821 4 538 121
1853 1339821 5 533 121
1854 1339821 6 585 121
1855 1339821 7 670 121
1856 1339821 8 728 121
1857 1340821 1 383 113
1858 1340821 2 427 113
1859 1340821 3 422 113
1860 1340821 4 509 113
1861 1340821 5 588 113
1862 1340821 6 540 113
1863 1340821 7 616 113
1864 1340821 8 637 113
1865 1341821 1 365 123
1866 1341821 2 409 123
1867 1341821 3 473 123
1868 1341821 4 478 123
1869 1341821 5 588 123
1870 1341821 6 638 123
1871 1341821 7 693 123
1872 1341821 8 662 123
1873 1342821 1 342 104
1874 1342821 2 381 104
1875 1342821 3 426 104
1876 1342821 4 458 104
1877 1342821 5 484 104
1878 1342821 6 516 104
1879 1342821 7 540 104
1880 1342821 8 562 104
1881 1350821 1 342 127
1882 1350821 2 403 127
1883 1350821 3 455 127
1884 1350821 4 452 127
1885 1350821 5 538 127
1886 1350821 6 591 127
1887 1350821 7 651 127
1888 1350821 8 679 127
1889 1352821 1 285 91
1890 1352821 2 374 91
1891 1352821 3 408 91
1892 1352821 4 460 91
1893 1352821 5 463 91
1894 1352821 6 510 91
1895 1352821 7 534 91
1896 1352821 8 551 91
1897 1354821 1 310 114
1898 1354821 2 403 114
1899 1354821 3 422 114
1900 1354821 4 466 114
1901 1354821 5 516 114
1902 1354821 6 533 114
1903 1354821 7 608 114
1904 1354821 8 632 114
1905 1355321 1 392 134
1906 1355321 2 430 134
1907 1355321 3 490 134
1908 1355321 4 530 134
1909 1355321 5 588 134
1910 1355321 6 662 134
1911 1355321 7 681 134
1912 1355321 8 744 134
1913 1355821 1 299 94
1914 1355821 2 337 94
1915 1355821 3 356 94
1916 1355821 4 371 94
1917 1355821 5 383 94
1918 1355821 6 425 94
1919 1355821 7 454 94
1920 1355821 8 440 94
1921 1357821 1 351 122
1922 1357821 2 396 122
1923 1357821 3 420 122
1924 1357821 4 404 122
1925 1357821 5 497 122
1926 1357821 6 540 122
1927 1357821 7 576 122
1928 1357821 8 534 122
1929 1358321 1 359 131
1930 1358321 2 382 131
1931 1358321 3 442 131
1932 1358321 4 504 131
1933 1358321 5 577 131
1934 1358321 6 533 131
1935 1358321 7 631 131
1936 1358321 8 689 131
1937 1359821 1 306 101
1938 1359821 2 350 101
1939 1359821 3 387 101
1940 1359821 4 400 101
1941 1359821 5 418 101
1942 1359821 6 471 101
1943 1359821 7 482 101
1944 1359821 8 562 101
1945 1360821 1 295 106
1946 1360821 2 364 106
1947 1360821 3 411 106
1948 1360821 4 478 106
1949 1360821 5 472 106
1950 1360821 6 510 106
1951 1360821 7 561 106
1952 1360821 8 613 106
1953 1361821 1 298 110
1954 1361821 2 369 110
1955 1361821 3 432 110
1956 1361821 4 450 110
1957 1361821 5 528 110
1958 1361821 6 562 110
1959 1361821 7 567 110
1960 1361821 8 655 110
1961 1363821 1 372 145
1962 1363821 2 430 145
1963 1363821 3 490 145
1964 1363821 4 569 145
1965 1363821 5 551 145
1966 1363821 6 603 145
1967 1363821 7 651 145
1968 1363821 8 728 145
1969 1366321 1 315 97
1970 1366321 2 379 97
1971 1366321 3 432 97
1972 1366321 4 433 97
1973 1366321 5 482 97
1974 1366321 6 485 97
1975 1366321 7 503 97
1976 1366321 8 555 97
1977 1369821 1 328 91
1978 1369821 2 363 91
1979 1369821 3 359 91
1980 1369821 4 404 91
1981 1369821 5 432 91
1982 1369821 6 482 91
1983 1369821 7 549 91
1984 1369821 8 551 91
1985 1371821 1 362 110
1986 1371821 2 433 110
1987 1371821 3 460 110
1988 1371821 4 494 110
1989 1371821 5 601 110
1990 1371821 6 575 110
1991 1371821 7 612 110
1992 1371821 8 713 110
1993 1372321 1 320 93
1994 1372321 2 390 93
1995 1372321 3 381 93
1996 1372321 4 398 93
1997 1372321 5 467 93
1998 1372321 6 485 93
1999 1372321 7 514 93
2000 1372321 8 566 93
2001 1374821 1 311 83
2002 1374821 2 324 83
2003 1374821 3 343 83
2004 1374821 4 408 83
2005 1374821 5 387 83
2006 1374821 6 446 83
2007 1374821 7 433 83
2008 1374821 8 501 83
2009 1375321 1 383 123
2010 1375321 2 355 123
2011 1375321 3 402 123
2012 1375321 4 442 123
2013 1375321 5 470 123
2014 1375321 6 485 123
2015 1375321 7 573 123
2016 1375321 8 602 123
2017 1375821 1 368 105
2018 1375821 2 398 105
2019 1375821 3 438 105
2020 1375821 4 458 105
2021 1375821 5 490 105
2022 1375821 6 503 105
2023 1375821 7 588 105
2024 1375821 8 609 105
2025 1379821 1 356 109
2026 1379821 2 389 109
2027 1379821 3 410 109
2028 1379821 4 428 109
2029 1379821 5 467 109
2030 1379821 6 503 109
2031 1379821 7 546 109
2032 1379821 8 593 109
2033 1380321 1 270 99
2034 1380321 2 302 99
2035 1380321 3 361 99
2036 1380321 4 392 99
2037 1380321 5 418 99
2038 1380321 6 473 99
2039 1380321 7 496 99
2040 1380321 8 573 99
2041 1382821 1 340 100
2042 1382821 2 314 100
2043 1382821 3 379 100
2044 1382821 4 406 100
2045 1382821 5 436 100
2046 1382821 6 497 100
2047 1382821 7 514 100
2048 1382821 8 521 100
2049 1383821 1 354 110
2050 1383821 2 427 110
2051 1383821 3 438 110
2052 1383821 4 447 110
2053 1383821 5 490 110
2054 1383821 6 554 110
2055 1383821 7 576 110
2056 1383821 8 624 110
2057 1387817 1 335 113
2058 1387817 2 411 113
2059 1387817 3 415 113
2060 1387817 4 499 113
2061 1387817 5 533 113
2062 1387817 6 550 113
2063 1387817 7 570 113
2064 1387817 8 655 113
2065 1388810 1 349 102
2066 1388810 2 385 102
2067 1388810 3 390 102
2068 1388810 4 422 102
2069 1388810 5 465 102
2070 1388810 6 473 102
2071 1388810 7 534 102
2072 1388810 8 514 102
2073 6294313 1 295 90
2074 6294313 2 393 90
2075 6294313 3 378 90
2076 6294313 4 422 90
2077 6294313 5 428 90
2078 6294313 6 457 90
2079 6294313 7 523 90
2080 6294313 8 521 90
2081 6297813 1 362 111
2082 6297813 2 416 111
2083 6297813 3 450 111
2084 6297813 4 499 111
2085 6297813 5 615 111
2086 6297813 6 603 111
2087 6297813 7 693 111
2088 6297813 8 670 111
2089 6480820 1 328 118
2090 6480820 2 401 118
2091 6480820 3 455 118
2092 6480820 4 486 118
2093 6480820 5 559 118
2094 6480820 6 591 118
2095 6480820 7 604 118
2096 6480820 8 662 118
2097 6481820 1 333 98
2098 6481820 2 418 98
2099 6481820 3 435 98
2100 6481820 4 450 98
2101 6481820 5 482 98
2102 6481820 6 479 98
2103 6481820 7 552 98
2104 6481820 8 562 98
2105 6482820 1 383 118
2106 6482820 2 440 118
2107 6482820 3 460 118
2108 6482820 4 499 118
2109 6482820 5 519 118
2110 6482820 6 611 118
2111 6482820 7 621 118
2112 6482820 8 643 118
2113 6640319 1 308 100
2114 6640319 2 375 100
2115 6640319 3 387 100
2116 6640319 4 455 100
2117 6640319 5 482 100
2118 6640319 6 488 100
2119 6640319 7 537 100
2120 6640319 8 559 100
2121 6704312 1 333 102
2122 6704312 2 399 102
2123 6704312 3 446 102
2124 6704312 4 442 102
2125 6704312 5 519 102
2126 6704312 6 523 102
2127 6704312 7 591 102
2128 6704312 8 616 102
2129 6723321 1 338 110
2130 6723321 2 418 110
2131 6723321 3 473 110
2132 6723321 4 522 110
2133 6723321 5 601 110
2134 6723321 6 619 110
2135 6723321 7 670 110
2136 6723321 8 689 110
2137 6739321 1 340 108
2138 6739321 2 374 108
2139 6739321 3 411 108
2140 6739321 4 396 108
2141 6739321 5 456 108
2142 6739321 6 485 108
2143 6739321 7 503 108
2144 6739321 8 555 108
2145 7003816 1 311 82
2146 7003816 2 325 82
2147 7003816 3 362 82
2148 7003816 4 357 82
2149 7003816 5 382 82
2150 7003816 6 394 82
2151 7003816 7 463 82
2152 7003816 8 464 82
2153 7005316 1 335 82
2154 7005316 2 352 82
2155 7005316 3 387 82
2156 7005316 4 445 82
2157 7005316 5 472 82
2158 7005316 6 503 82
2159 7005316 7 526 82
2160 7005316 8 569 82
2161 7005816 1 359 76
2162 7005816 2 375 76
2163 7005816 3 359 76
2164 7005816 4 353 76
2165 7005816 5 366 76
2166 7005816 6 410 76
2167 7005816 7 433 76
2168 7005816 8 464 76
2169 7046311 1 316 92
2170 7046311 2 364 92
2171 7046311 3 404 92
2172 7046311 4 428 92
2173 7046311 5 458 92
2174 7046311 6 479 92
2175 7046311 7 514 92
2176 7046311 8 544 92
2177 7077315 1 322 114
2178 7077315 2 357 114
2179 7077315 3 402 114
2180 7077315 4 463 114
2181 7077315 5 463 114
2182 7077315 6 513 114
2183 7077315 7 526 114
2184 7077315 8 576 114
2185 7224814 1 315 117
2186 7224814 2 364 117
2187 7224814 3 402 117
2188 7224814 4 428 117
2189 7224814 5 470 117
2190 7224814 6 523 117
2191 7224814 7 503 117
2192 7224814 8 573 117
2193 10136321 1 335 123
2194 10136321 2 440 123
2195 10136321 3 424 123
2196 10136321 4 490 123
2197 10136321 5 516 123
2198 10136321 6 591 123
2199 10136321 7 681 123
2200 10136321 8 689 123
2201 11089315 1 308 107
2202 11089315 2 389 107
2203 11089315 3 432 107
2204 11089315 4 458 107
2205 11089315 5 516 107
2206 11089315 6 554 107
2207 11089315 7 585 107
2208 11089315 8 606 107
2209 11090821 1 335 93
2210 11090821 2 361 93
2211 11090821 3 398 93
2212 11090821 4 486 93
2213 11090821 5 484 93
2214 11090821 6 510 93
2215 11090821 7 531 93
2216 11090821 8 579 93
